0.0
0.0
0.0
0.0
0.0
0.0
0.0
0.0
0.0
0.0
0.0
0.0
0.0
0.0
0.0
0.0
0.0
0.0
0.0
0.0
0.0
0.0
0.0
0.0
0.0
0.0
0.0
0.0
0.0
0.0
0.0
0.0
0.0
0.0
0.0
0.0
0.0
0.0
0.0
0.0
0.0
0.0
0.0
0.0
0.0
0.0
0.0
0.0
0.0
0.0
0.4252
0.0952
0.0264
0.0044
0.0004
0.0
0.0
0.0
0.0
0.0
0.0
0.0
0.0
0.0
0.0
0.0
0.0
0.0
0.0
0.0
0.0
0.0
0.0
0.0
0.0
0.0
0.0
0.0
0.0
0.0
0.0
0.0
0.0
0.0
0.0
0.0
0.0
0.0
0.0
0.0
0.0
0.0
0.0
0.0
0.0
0.0
0.0
0.0
0.0
0.0
0.7388
0.3724
0.2132
0.0956
0.0544
0.0192
0.0148
0.0068
0.0024
0.0012
0.0008
0.0004
0.0
0.0
0.0
0.0
0.0
0.0
0.0
0.0
0.0
0.0
0.0
0.0
0.0
0.0
0.0
0.0
0.0
0.0
0.0
0.0
0.0
0.0
0.0
0.0
0.0
0.0
0.0
0.0
0.0
0.0
0.0
0.0
0.0
0.0
0.0
0.0
0.0
0.0
0.9056
0.662
0.488
0.3332
0.2108
0.1464
0.0768
0.056
0.0296
0.0204
0.0124
0.0064
0.0028
0.002
0.0032
0.0012
0.0012
0.0
0.0004
0.0004
0.0004
0.0
0.0
0.0
0.0004
0.0
0.0
0.0
0.0
0.0
0.0
0.0
0.0
0.0
0.0
0.0
0.0
0.0
0.0
0.0
0.0
0.0
0.0
0.0
0.0
0.0
0.0
0.0
0.0
0.0
0.9708
0.774
0.634
0.4564
0.348
0.2548
0.1792
0.1204
0.09
0.0632
0.038
0.0328
0.018
0.0144
0.0076
0.0044
0.0028
0.002
0.0016
0.0012
0.0016
0.0004
0.0
0.0
0.0
0.0
0.0
0.0
0.0
0.0
0.0
0.0
0.0
0.0
0.0
0.0
0.0
0.0
0.0
0.0
0.0
0.0
0.0
0.0
0.0
0.0
0.0
0.0
0.0
0.0
0.9904
0.8916
0.7676
0.6388
0.494
0.3832
0.3032
0.2364
0.1636
0.1104
0.0736
0.0616
0.0324
0.0288
0.02
0.0136
0.0084
0.0064
0.0024
0.004
0.0032
0.0024
0.0012
0.0012
0.0
0.0
0.0
0.0
0.0
0.0
0.0
0.0
0.0
0.0
0.0
0.0
0.0
0.0
0.0
0.0
0.0
0.0
0.0
0.0
0.0
0.0
0.0
0.0
0.0
0.0
0.9968
0.9368
0.8532
0.7408
0.6456
0.5176
0.418
0.3444
0.2704
0.1984
0.14
0.094
0.0788
0.0564
0.042
0.0256
0.03
0.0104
0.0108
0.0092
0.0056
0.002
0.002
0.0024
0.0012
0.0004
0.0
0.0
0.0
0.0
0.0004
0.0
0.0
0.0
0.0
0.0
0.0
0.0
0.0
0.0
0.0
0.0
0.0
0.0
0.0
0.0
0.0
0.0
0.0
0.0
0.9984
0.974
0.9096
0.8392
0.7376
0.6432
0.5436
0.44
0.3664
0.2888
0.2276
0.1776
0.1272
0.0936
0.0712
0.0524
0.0392
0.032
0.0228
0.0096
0.0084
0.0092
0.0064
0.0056
0.0016
0.0028
0.0004
0.0004
0.0008
0.0
0.0008
0.0004
0.0
0.0
0.0
0.0
0.0
0.0
0.0
0.0
0.0
0.0
0.0
0.0
0.0
0.0
0.0
0.0
0.0
0.0
0.9996
0.9816
0.9476
0.8944
0.8208
0.7228
0.642
0.566
0.4652
0.3956
0.308
0.2484
0.1948
0.1692
0.1172
0.0864
0.066
0.052
0.0372
0.026
0.026
0.0148
0.0112
0.0092
0.0064
0.0052
0.0024
0.002
0.0008
0.0012
0.0004
0.0008
0.0004
0.0004
0.0
0.0
0.0
0.0004
0.0
0.0
0.0
0.0
0.0
0.0
0.0
0.0
0.0
0.0
0.0
0.0
1.0
0.9872
0.966
0.936
0.8664
0.8064
0.7272
0.6364
0.552
0.4796
0.4088
0.3316
0.2812
0.216
0.1728
0.142
0.1068
0.0748
0.066
0.0476
0.0348
0.026
0.0176
0.014
0.012
0.0068
0.0032
0.0036
0.0052
0.0036
0.0016
0.0012
0.0008
0.0004
0.0012
0.0008
0.0004
0.0004
0.0
0.0
0.0
0.0
0.0
0.0
0.0
0.0
0.0
0.0
0.0
0.0
1.0
0.9952
0.984
0.9516
0.9144
0.8528
0.8088
0.7308
0.6392
0.576
0.482
0.418
0.3612
0.2828
0.24
0.2056
0.1512
0.1204
0.098
0.0712
0.0508
0.046
0.036
0.0276
0.0196
0.0104
0.0092
0.0068
0.004
0.0024
0.0044
0.002
0.0012
0.0016
0.0008
0.0
0.0008
0.0004
0.0
0.0
0.0
0.0
0.0
0.0004
0.0
0.0
0.0
0.0
0.0
0.0
1.0
0.9968
0.99
0.9728
0.9392
0.9012
0.8412
0.8
0.7184
0.6464
0.5836
0.5244
0.4344
0.3664
0.3148
0.2524
0.2184
0.1716
0.144
0.1028
0.0916
0.0756
0.048
0.046
0.0368
0.0272
0.0192
0.012
0.0112
0.0092
0.0032
0.0048
0.0036
0.0028
0.0016
0.0012
0.0008
0.0016
0.0012
0.0008
0.0
0.0
0.0004
0.0
0.0
0.0
0.0
0.0
0.0
0.0
1.0
0.9984
0.9932
0.9848
0.9568
0.94
0.9096
0.8472
0.7984
0.7172
0.6692
0.5764
0.5012
0.4232
0.386
0.326
0.2752
0.226
0.2052
0.1584
0.116
0.1008
0.0732
0.064
0.0488
0.0408
0.034
0.0188
0.02
0.0088
0.0088
0.0088
0.0044
0.0044
0.004
0.0012
0.0012
0.0008
0.0008
0.0008
0.0
0.0004
0.0
0.0004
0.0004
0.0
0.0004
0.0
0.0
0.0
1.0
0.9988
0.9972
0.99
0.9736
0.9568
0.9224
0.8948
0.8372
0.7832
0.716
0.6488
0.5876
0.5348
0.4632
0.4264
0.346
0.2912
0.2508
0.214
0.1628
0.1364
0.1112
0.088
0.0672
0.0508
0.0476
0.0336
0.0264
0.0216
0.0172
0.0092
0.0088
0.0072
0.0084
0.0044
0.002
0.0028
0.002
0.0016
0.0016
0.0016
0.0004
0.0004
0.0
0.0
0.0
0.0
0.0
0.0
1.0
1.0
0.9992
0.9936
0.9828
0.9628
0.9496
0.9156
0.8844
0.8356
0.7792
0.7288
0.66
0.6192
0.5484
0.4788
0.3996
0.37
0.3056
0.26
0.2208
0.1692
0.1644
0.1312
0.0984
0.0832
0.0608
0.0432
0.0384
0.0328
0.024
0.0196
0.0176
0.0148
0.01
0.0068
0.0072
0.0048
0.0024
0.0016
0.0012
0.0012
0.0004
0.0008
0.0008
0.0004
0.0004
0.0
0.0
0.0
1.0
0.9996
0.9992
0.9972
0.992
0.9784
0.9648
0.9476
0.9124
0.8848
0.8388
0.79
0.7144
0.6552
0.6184
0.5448
0.4776
0.4096
0.3628
0.3388
0.2752
0.2384
0.1988
0.17
0.1304
0.114
0.0828
0.0716
0.0648
0.0488
0.042
0.0284
0.0256
0.018
0.0156
0.01
0.0096
0.0076
0.0084
0.0044
0.002
0.0012
0.0012
0.0004
0.0004
0.0008
0.0
0.0
0.0
0.0
1.0
0.9996
0.9988
0.998
0.9928
0.9884
0.9796
0.9572
0.9484
0.9012
0.872
0.8356
0.7996
0.7348
0.6828
0.6172
0.5596
0.4956
0.4464
0.3768
0.3212
0.2732
0.2456
0.1972
0.1776
0.1412
0.1216
0.0936
0.0872
0.0716
0.0524
0.0432
0.032
0.0272
0.0236
0.0156
0.014
0.0092
0.0092
0.0068
0.004
0.0044
0.002
0.0012
0.0012
0.0008
0.0004
0.0
0.0008
0.0
1.0
1.0
0.9988
0.9972
0.9964
0.9932
0.9872
0.9744
0.954
0.9304
0.898
0.8776
0.832
0.774
0.7236
0.6732
0.6028
0.566
0.5016
0.464
0.406
0.3584
0.3052
0.2772
0.2216
0.2012
0.1564
0.132
0.1028
0.084
0.0784
0.0612
0.05
0.038
0.03
0.0252
0.0196
0.018
0.016
0.0068
0.01
0.0036
0.0072
0.0016
0.0032
0.0012
0.0012
0.0016
0.0008
0.0004
1.0
1.0
1.0
0.9996
0.9984
0.9944
0.9892
0.9804
0.9656
0.956
0.922
0.8996
0.8664
0.8196
0.7732
0.73
0.662
0.6192
0.57
0.51
0.464
0.4028
0.3704
0.3152
0.2716
0.2376
0.2108
0.1664
0.158
0.1212
0.1024
0.0812
0.0588
0.0644
0.0404
0.0324
0.0292
0.0236
0.02
0.0124
0.0096
0.0092
0.0064
0.0048
0.004
0.004
0.0012
0.0016
0.0008
0.0008
1.0
1.0
1.0
1.0
0.9992
0.996
0.996
0.9836
0.9768
0.9672
0.9496
0.924
0.8904
0.8704
0.8232
0.778
0.7216
0.6976
0.6336
0.5776
0.522
0.4672
0.41
0.368
0.3184
0.2816
0.2556
0.2084
0.1788
0.1584
0.1372
0.1132
0.0876
0.0688
0.0608
0.0504
0.0364
0.036
0.0332
0.0236
0.0144
0.0144
0.008
0.0076
0.0048
0.004
0.004
0.0024
0.0012
0.0012
1.0
1.0
1.0
0.9996
0.9992
0.9984
0.9964
0.9948
0.9908
0.9752
0.9568
0.9336
0.9212
0.8796
0.8656
0.8108
0.7776
0.7292
0.7056
0.6556
0.5928
0.5272
0.4664
0.422
0.3768
0.332
0.3096
0.2664
0.2576
0.2032
0.1684
0.1396
0.1164
0.1024
0.0768
0.0684
0.0568
0.0436
0.0336
0.0256
0.0236
0.0144
0.0168
0.012
0.0088
0.0088
0.01
0.0068
0.0028
0.0008
1.0
1.0
0.9996
1.0
0.9992
0.9984
0.9984
0.9924
0.992
0.9804
0.974
0.956
0.9432
0.916
0.886
0.862
0.832
0.778
0.754
0.6852
0.6296
0.592
0.5424
0.4908
0.4356
0.3836
0.3576
0.3248
0.2756
0.2484
0.208
0.1572
0.162
0.116
0.1064
0.086
0.0776
0.0608
0.048
0.0356
0.0328
0.024
0.0244
0.02
0.0168
0.012
0.0096
0.0072
0.0064
0.0044
1.0
1.0
1.0
0.9996
1.0
0.9988
0.9964
0.996
0.9912
0.9876
0.978
0.97
0.9552
0.9324
0.9104
0.8828
0.8612
0.8324
0.7784
0.72
0.6896
0.6384
0.5996
0.5428
0.5004
0.4588
0.404
0.348
0.3308
0.2732
0.2496
0.2184
0.1792
0.1608
0.1212
0.104
0.104
0.078
0.0764
0.0504
0.0416
0.0392
0.0316
0.0252
0.02
0.0156
0.0132
0.0108
0.0056
0.0076
1.0
1.0
1.0
1.0
1.0
1.0
0.998
0.9984
0.9908
0.9924
0.9844
0.9792
0.9692
0.9504
0.9344
0.9128
0.8856
0.8576
0.8092
0.7848
0.7412
0.6772
0.6516
0.636
0.5628
0.5108
0.4448
0.4232
0.37
0.3204
0.2916
0.2568
0.2192
0.1988
0.1672
0.1568
0.1144
0.1104
0.082
0.074
0.056
0.0508
0.0408
0.0364
0.0244
0.0248
0.0168
0.0188
0.0108
0.0072
1.0
1.0
1.0
1.0
0.9992
0.9996
0.9996
0.9988
0.9964
0.9948
0.9888
0.9816
0.974
0.9668
0.9528
0.9256
0.9092
0.8716
0.848
0.8192
0.7996
0.7412
0.6976
0.6396
0.6008
0.5616
0.5188
0.4596
0.412
0.3812
0.3392
0.2984
0.2528
0.2392
0.1984
0.1812
0.1608
0.1332
0.1068
0.098
0.0712
0.0628
0.05
0.042
0.0388
0.0332
0.0284
0.0228
0.0216
0.0108
1.0
1.0
1.0
1.0
0.9996
1.0
1.0
0.9996
0.9972
0.996
0.994
0.99
0.9844
0.9772
0.958
0.9608
0.9316
0.9028
0.8724
0.85
0.8216
0.7868
0.7404
0.7016
0.6636
0.6068
0.5768
0.5108
0.4696
0.4344
0.3884
0.3432
0.3124
0.2708
0.2476
0.2228
0.1836
0.1644
0.1472
0.122
0.0984
0.082
0.0776
0.0732
0.0412
0.0404
0.0316
0.0344
0.022
0.0208
1.0
1.0
1.0
1.0
1.0
1.0
0.9996
1.0
0.9984
0.9984
0.9912
0.9924
0.9876
0.9832
0.9748
0.9644
0.9444
0.9216
0.902
0.88
0.8592
0.8152
0.7896
0.7376
0.7116
0.658
0.6116
0.5896
0.5452
0.4808
0.4352
0.4016
0.3632
0.3308
0.2748
0.2472
0.2344
0.1988
0.1716
0.1552
0.1196
0.1092
0.0828
0.0744
0.0676
0.0572
0.0452
0.0364
0.0308
0.0208
1.0
1.0
1.0
1.0
0.9996
1.0
1.0
0.9996
0.998
0.9984
0.996
0.9944
0.9944
0.984
0.9792
0.9664
0.9572
0.94
0.9252
0.906
0.884
0.85
0.8036
0.7792
0.734
0.7
0.6516
0.6272
0.5836
0.546
0.4796
0.4472
0.4052
0.3676
0.3356
0.2968
0.2568
0.2432
0.2004
0.17
0.1604
0.138
0.1204
0.0976
0.0736
0.0736
0.0584
0.0468
0.0472
0.0368
1.0
1.0
1.0
1.0
1.0
1.0
0.9996
1.0
0.9992
0.9992
0.9968
0.998
0.9932
0.9896
0.9872
0.9772
0.9716
0.9532
0.9392
0.9264
0.8972
0.8752
0.8456
0.822
0.7804
0.7488
0.7112
0.6672
0.6348
0.5748
0.552
0.496
0.4724
0.406
0.3636
0.3324
0.2988
0.2864
0.2184
0.218
0.1972
0.1652
0.142
0.1344
0.104
0.0852
0.074
0.0628
0.0592
0.0488
1.0
1.0
1.0
1.0
1.0
1.0
1.0
1.0
0.9992
0.9984
0.9992
0.9952
0.9956
0.9928
0.9884
0.9816
0.9756
0.9648
0.9568
0.942
0.9232
0.912
0.8836
0.8528
0.822
0.7992
0.7652
0.7312
0.6628
0.6436
0.5908
0.5524
0.5072
0.468
0.438
0.3856
0.3484
0.324
0.2796
0.2544
0.2268
0.2064
0.1684
0.1452
0.13
0.1092
0.092
0.0836
0.0744
0.0484
1.0
1.0
1.0
1.0
1.0
1.0
1.0
1.0
1.0
0.9996
0.9992
0.9996
0.9952
0.9952
0.9944
0.9876
0.9812
0.9792
0.968
0.9516
0.9456
0.9212
0.8944
0.882
0.8548
0.8256
0.7928
0.7612
0.704
0.6868
0.6384
0.5916
0.5644
0.5308
0.4768
0.4468
0.4068
0.3504
0.3312
0.288
0.2516
0.2308
0.206
0.1656
0.1692
0.142
0.1152
0.0948
0.0888
0.0692
1.0
1.0
1.0
1.0
1.0
1.0
1.0
1.0
1.0
1.0
0.9996
0.998
0.9968
0.9952
0.994
0.9928
0.9872
0.984
0.9792
0.9712
0.952
0.9376
0.9156
0.892
0.8868
0.8436
0.8328
0.7928
0.748
0.708
0.6888
0.642
0.6096
0.5736
0.5068
0.4656
0.4548
0.402
0.3676
0.3364
0.2804
0.2712
0.252
0.1956
0.1784
0.1572
0.1432
0.1264
0.1072
0.0868
1.0
1.0
1.0
1.0
1.0
1.0
1.0
1.0
1.0
1.0
1.0
0.9992
0.9992
0.9968
0.9964
0.9928
0.9928
0.9868
0.9772
0.9684
0.9664
0.9516
0.93
0.9072
0.9052
0.8656
0.8516
0.8196
0.7892
0.754
0.7176
0.684
0.6428
0.616
0.5604
0.5424
0.4972
0.4364
0.4048
0.3744
0.344
0.2872
0.2604
0.242
0.2192
0.2028
0.1768
0.1396
0.1392
0.1128
1.0
1.0
1.0
1.0
1.0
1.0
1.0
1.0
1.0
1.0
1.0
0.9996
1.0
0.998
0.998
0.9964
0.9908
0.9864
0.9876
0.9788
0.9732
0.9608
0.9436
0.942
0.9216
0.9016
0.8732
0.8504
0.8144
0.7812
0.7444
0.7192
0.6804
0.6444
0.5928
0.582
0.558
0.4936
0.4652
0.4272
0.3816
0.3452
0.3076
0.284
0.2628
0.2276
0.2008
0.1724
0.1528
0.13
1.0
1.0
1.0
1.0
1.0
1.0
1.0
1.0
1.0
1.0
0.9996
1.0
0.9992
0.9984
0.9984
0.998
0.9956
0.9916
0.9864
0.9816
0.9792
0.9668
0.9584
0.9388
0.9308
0.914
0.906
0.868
0.8472
0.812
0.7892
0.7612
0.7356
0.6888
0.6484
0.6316
0.5752
0.5248
0.4916
0.4632
0.4376
0.3844
0.3604
0.3244
0.2852
0.2552
0.2296
0.1928
0.1908
0.162
1.0
1.0
1.0
1.0
1.0
1.0
1.0
1.0
0.9996
1.0
1.0
1.0
0.9992
0.9988
0.998
0.9984
0.9972
0.9932
0.9912
0.9912
0.9768
0.9776
0.968
0.962
0.9428
0.93
0.9096
0.8988
0.8752
0.848
0.8228
0.8036
0.748
0.7348
0.6976
0.6632
0.6188
0.5896
0.536
0.5144
0.4692
0.4388
0.3992
0.3568
0.3356
0.2828
0.2656
0.2424
0.2192
0.1872
1.0
1.0
1.0
1.0
1.0
1.0
1.0
1.0
1.0
1.0
1.0
1.0
0.9996
0.9992
0.9992
0.9976
0.9972
0.9948
0.9952
0.9916
0.9872
0.9816
0.9708
0.9636
0.9624
0.9384
0.9356
0.926
0.8912
0.8676
0.8492
0.826
0.7936
0.7792
0.7364
0.6828
0.6652
0.6328
0.5856
0.5556
0.5104
0.4772
0.4472
0.3988
0.3616
0.3424
0.3096
0.2752
0.2356
0.2376
1.0
1.0
1.0
1.0
1.0
1.0
1.0
1.0
1.0
1.0
1.0
1.0
0.9996
0.9992
0.9992
0.9984
0.998
0.996
0.994
0.996
0.9908
0.9836
0.9824
0.9756
0.964
0.9596
0.95
0.9304
0.9136
0.8908
0.88
0.83
0.834
0.8016
0.7588
0.7292
0.7052
0.6672
0.628
0.5752
0.5592
0.526
0.4744
0.4512
0.4204
0.3884
0.3544
0.3036
0.292
0.2548
1.0
1.0
1.0
1.0
1.0
1.0
1.0
1.0
1.0
1.0
1.0
1.0
1.0
1.0
1.0
0.9992
1.0
0.9988
0.998
0.9944
0.9904
0.986
0.988
0.9792
0.9708
0.9628
0.958
0.95
0.9396
0.9116
0.88
0.872
0.8476
0.818
0.7992
0.7652
0.7368
0.702
0.6656
0.6316
0.5984
0.5496
0.5232
0.4832
0.458
0.418
0.382
0.3456
0.3168
0.2732
1.0
1.0
1.0
1.0
1.0
1.0
1.0
1.0
1.0
1.0
1.0
1.0
1.0
1.0
1.0
0.9988
0.998
0.9992
0.9984
0.9956
0.9948
0.9904
0.9912
0.9892
0.9792
0.9744
0.9676
0.9672
0.9348
0.9344
0.9096
0.9
0.872
0.8532
0.828
0.7904
0.774
0.7112
0.7084
0.6648
0.6396
0.59
0.5524
0.5208
0.4984
0.4604
0.4056
0.3936
0.36
0.3224
1.0
1.0
1.0
1.0
1.0
1.0
1.0
1.0
1.0
1.0
1.0
1.0
1.0
0.9992
1.0
0.9996
1.0
0.998
0.9996
0.9964
0.9932
0.996
0.9936
0.99
0.9864
0.9772
0.968
0.9664
0.95
0.938
0.9252
0.9072
0.8924
0.8752
0.8516
0.8304
0.8136
0.7888
0.7264
0.706
0.6632
0.6192
0.6036
0.5792
0.544
0.4948
0.4616
0.432
0.4004
0.352
1.0
1.0
1.0
1.0
1.0
1.0
1.0
1.0
1.0
1.0
1.0
1.0
0.9996
1.0
1.0
0.9992
0.9992
0.9988
0.998
0.9988
0.9988
0.9952
0.994
0.9892
0.9876
0.9856
0.9708
0.9708
0.9668
0.9572
0.9432
0.9328
0.9084
0.8884
0.8728
0.8544
0.826
0.8092
0.7736
0.7612
0.7172
0.676
0.634
0.6044
0.5668
0.56
0.4984
0.4788
0.438
0.3776
1.0
1.0
1.0
1.0
1.0
1.0
1.0
1.0
1.0
1.0
1.0
1.0
1.0
1.0
0.9996
1.0
1.0
0.9992
0.9992
0.9988
0.9992
0.9952
0.9976
0.992
0.9916
0.9892
0.9844
0.9736
0.9708
0.9636
0.9516
0.9308
0.922
0.898
0.8936
0.8644
0.8484
0.8228
0.7948
0.7704
0.758
0.7076
0.6988
0.6548
0.6052
0.584
0.5668
0.5344
0.4656
0.44
1.0
1.0
1.0
1.0
1.0
1.0
1.0
1.0
1.0
1.0
1.0
1.0
0.9996
1.0
1.0
1.0
1.0
0.9988
1.0
0.9984
0.9988
0.9984
0.9964
0.9964
0.9948
0.9936
0.9888
0.9832
0.9764
0.968
0.9552
0.9528
0.9508
0.9276
0.9196
0.8884
0.886
0.8468
0.8296
0.7944
0.7708
0.7496
0.7204
0.6876
0.6552
0.606
0.5952
0.5636
0.5144
0.49
1.0
1.0
1.0
1.0
1.0
1.0
1.0
1.0
1.0
1.0
1.0
1.0
1.0
1.0
1.0
1.0
1.0
1.0
1.0
0.998
0.9972
0.9984
0.9984
0.9956
0.992
0.99
0.9904
0.9868
0.9764
0.9728
0.9732
0.9632
0.9496
0.9456
0.9252
0.9016
0.894
0.8728
0.8464
0.826
0.8216
0.7816
0.7528
0.7324
0.6888
0.6484
0.6288
0.5932
0.5448
0.5396
1.0
1.0
1.0
1.0
1.0
1.0
1.0
1.0
1.0
1.0
1.0
1.0
1.0
1.0
1.0
1.0
1.0
1.0
0.9996
0.9988
0.9988
0.9984
0.9984
0.9964
0.9968
0.9936
0.9912
0.992
0.9844
0.984
0.9768
0.9712
0.9592
0.948
0.9432
0.9312
0.918
0.8864
0.8764
0.8396
0.8324
0.8036
0.784
0.762
0.7216
0.6944
0.6444
0.63
0.57
0.5632
1.0
1.0
1.0
1.0
1.0
1.0
1.0
1.0
1.0
1.0
1.0
1.0
1.0
1.0
1.0
0.9996
1.0
0.9996
1.0
1.0
0.9988
0.9996
0.998
0.9964
0.996
0.9948
0.9928
0.9888
0.988
0.986
0.9812
0.9784
0.9696
0.954
0.9456
0.9364
0.9288
0.9124
0.8896
0.8688
0.8452
0.8352
0.7988
0.7964
0.7532
0.7196
0.6824
0.6812
0.6388
0.602
1.0
1.0
1.0
1.0
1.0
1.0
1.0
1.0
1.0
1.0
1.0
1.0
1.0
1.0
1.0
1.0
1.0
1.0
0.9996
0.9996
0.9996
0.9996
0.9984
0.9976
0.998
0.996
0.9956
0.9932
0.9904
0.9872
0.9892
0.9784
0.972
0.9608
0.9688
0.9532
0.9348
0.932
0.8928
0.8908
0.8776
0.8612
0.8308
0.8132
0.7852
0.7568
0.7184
0.694
0.668
0.6352
1.0
1.0
1.0
1.0
1.0
1.0
1.0
1.0
1.0
1.0
1.0
1.0
1.0
1.0
1.0
1.0
1.0
1.0
0.9996
0.9996
0.9992
1.0
0.9984
0.9976
0.9988
0.998
0.996
0.9948
0.9948
0.9896
0.9876
0.9824
0.9784
0.9704
0.966
0.9644
0.9492
0.9304
0.91
0.906
0.8884
0.874
0.8536
0.8536
0.8076
0.7812
0.7564
0.724
0.7028
0.668
1.0
1.0
1.0
1.0
1.0
1.0
1.0
1.0
1.0
1.0
1.0
1.0
1.0
1.0
1.0
1.0
1.0
1.0
1.0
1.0
0.9996
0.9996
1.0
0.9996
0.9984
0.998
0.9968
0.996
0.9928
0.9924
0.9876
0.9844
0.9776
0.9784
0.9724
0.972
0.9576
0.9484
0.9268
0.9252
0.9036
0.906
0.8652
0.8612
0.8328
0.8184
0.7736
0.7588
0.7328
0.7076
